((("exit" .
   [1 0 0 0])
  ("se" .
   [1 0])
  ("contig" .
   [0 0 0 1 0 0])
  ("seqIndex" .
   [0 0 2 0 0 0 0 0])
  ("for" .
   [3 0 0])
  ("len" .
   [3 0 0])
  ("str" .
   [1 0 0])
  ("prefix" .
   [0 0 0 0 1 0])
  ("genome_out" .
   [0 0 1 0 1 0 0 2 0 0])
  ("snp_in" .
   [0 0 1 0 1 0])
  ("genome_in" .
   [1 0 2 0 0 0 0 0 0])
  ("genome" .
   [1 0 0 1 1 0])
  ("my" .
   [18 0])
  ("pos" .
   [12 0 0])
  ("char" .
   [8 0 0 0])
  ("seq" .
   [8 0 6])
  ("print" .
   [5 0 0 1 1])
  ("if" .
   [8 0])
  ("line" .
   [6 0 0 0])
  ("alle1" .
   [0 0 0 5 3])
  ("alle2" .
   [1 0 0 5 0])
  ("substr" .
   [2 0 0 1 2 1])
  ("snpNum" .
   [0 0 0 0 1 0])
  ("s" .
   [3])
  ("genomeLen" .
   [0 0 0 0 0 0 0 2 0])
  ("charPerLine" .
   [0 0 0 0 7 0 0 0 0 0 0])
  ("genomic" .
   [0 0 0 1 0 0 0])
  ("lineNum" .
   [0 0 0 0 1 1 0])
  ("OUT" .
   [2 0 0])
  ("next" .
   [4 0 0 0])
  ("length" .
   [1 0 0 2 3 0])))
